y1_y1
1.9643176957680344
0.3955474833653673
1.4121001974143028
2.2711706361395985
0.4431395442216986
1.5883083025379263
0.7782908252438904
0.6163920482806731
0.16841804037491645
0.20562798833495846
0.2942535825897104
0.634567467082042
0.5788424066027987
1.4172623390999366
0.569811649468534
0.16012801454164657
0.3614139332295404
0.5090015871457866
0.24108210109339606
1.6244633466909424
0.3659607296399648
0.8106200165160684
0.42080684460883094
1.4500320328088607
1.8718826602244603
0.6235302485916192
2.304525761389405
0.3224304031329414
0.41216096510020533
1.4249318789536096
0.20652045631724084
1.1387443646614088
0.3558500200849496
0.2626689524389658
0.23023171080989752
0.39460968969135957
0.1324355211025334
0.29956682411790986
0.4101716670972772
0.3625347749457022
